tensor_dense3bias0 4
0.00466191163 0 0.00576979062 0.0113115367
tensor_dense3kernel0 32
0.639545619 -0.576587915 0.0864169896 0.492291212 -0.0160708651 -0.262672633 -0.399024427 0.321614057 -0.255919874 -0.211933404 0.0695868134 0.125565052 0.543989539 0.541831434 -0.520489931 -0.417743206 -0.618942499 0.316789567 -0.148623735 -0.350414932 -0.243598998 0.318172753 -0.148293376 0.34304446 -0.110190749 0.0819833875 -0.0942619443 0.569558322 -0.53704679 -0.685812652 0.0243574977 0.376155883
tensor_dense2bias0 8
0.00900995359 -0.00179233262 0 0.000242585113 -0.00214734185 0.00110254867 0 0.00121184089
tensor_dense2kernel0 128
-0.171043128 -0.132868528 0.0782600641 0.271561623 0.36376369 0.134876847 0.316609263 0.300291896 -0.0587863922 0.0938698053 0.238999128 -0.121585965 0.0559011698 -0.366330028 -0.367199302 -0.202750325 -0.267987013 0.368051231 -0.361260533 0.119639724 -0.07053864 0.0270609241 -0.0696908236 -0.392972201 -0.16102843 -0.493789077 0.0289974213 -0.459693193 0.0215190407 0.0568774417 0.399845719 0.0748687461 -0.0401235819 0.234446287 0.172444701 -0.00749611855 0.103360415 0.490720153 0.238281488 -0.143500447 0.142680123 -0.4459925 0.0742189884 -0.392244518 -0.064102158 0.149193764 -0.129744411 -0.311616659 0.0382325463 0.18447043 0.197624803 0.223691478 -0.0348807834 -0.327536434 0.0971447229 -0.197393298 0.401839972 -0.233096451 -0.481392026 0.0376680605 0.323969454 -0.231583238 -0.422911286 -0.133581012 -0.361176699 0.292043656 0.206614256 -0.107293487 -0.21190834 -0.175414324 0.258334756 0.138968349 0.32254383 -0.316231638 -0.23388648 0.343076497 -0.37756148 -0.22078231 -0.217895865 -0.40569362 -0.297468871 -0.10297031 0.296247721 -0.499493361 -0.139239565 0.457736343 -0.108085871 0.240598515 -0.348870724 0.196084738 -0.0391255617 0.20649457 -0.289553165 0.114078641 -0.142978311 -0.343907118 -0.450457662 0.0681317225 -0.0995010138 0.356697559 0.0676096156 -0.274832994 0.019392252 -0.23681061 0.410971999 0.398129076 -0.326609492 -0.426349103 -0.0880176648 0.426094204 -0.284565091 0.274327129 -0.334955901 -0.351538181 -0.380650878 0.323953271 -0.253948092 0.495735884 -0.319607258 -0.0968351662 -0.0698897094 -0.48517102 -0.231850266 -0.481067061 -0.294014156 0.382865936 0.301554799 0.358880788
tensor_dense1bias0 16
-0.00127064204 0 -0.00272796396 -0.000288906711 0 0.00189144607 -0.000487222162 0.00290183863 -0.000743661018 0.00361374114 -0.00153980113 -0.00101774069 -0.00354512711 0.00385164889 -0.000100964826 0.00160605356
tensor_dense1kernel0 512
-0.106887102 0.0529845655 0.160484999 0.221326917 0.221649438 -0.0481638871 -0.15240562 -0.342762619 -0.250656754 0.0868675634 0.0927306935 -0.137120754 0.0654855072 -0.286824018 0.250129849 0.275737822 0.133860409 -0.173405528 0.326660424 -0.258463204 -0.237640023 -0.32052961 -0.321467221 -0.0327169336 0.0681608915 -0.0563899241 0.258878469 -0.10546346 0.291503221 -0.171713531 0.212118179 0.229134902 -0.125808716 -0.227819726 0.31744957 -0.0679576248 -0.254602432 0.173174605 0.317370802 0.0250547808 0.230727762 -0.168648109 -0.138354555 0.228425384 -0.237220541 0.283189386 0.0353246182 0.305091441 -0.23929438 0.130740017 -0.147586524 0.17099981 -0.0454336405 -0.147615239 0.0399078391 -0.0104815857 -0.348204672 0.286581606 0.256573409 0.00359117542 -0.0854622498 0.24525097 0.176946998 -0.155567512 -0.201845989 0.331272453 0.345267385 -0.0651861727 -0.192685187 -0.229943991 -0.285310358 0.279834121 -0.0628426149 -0.0209525637 0.252102464 -0.281756669 0.264746815 0.340515703 0.144816414 0.341677964 0.00263226754 -0.258246481 0.0212087128 -0.0586922765 -0.187850952 -0.0394490696 0.344905019 0.0977607071 -0.115221478 0.25623396 0.236836568 0.0436631627 0.0931721404 -0.0268129576 -0.0834935606 0.244250372 0.0478553772 -0.318850249 -0.214232847 -0.184330836 -0.026003927 -0.347005606 0.243875414 0.0487294197 -0.242311001 0.257702321 0.156457454 -0.188016832 0.0168997943 -0.335746944 -0.0546549261 0.0204030275 -0.176735222 0.146934181 -0.119891912 -0.0855176002 0.317925304 0.091648981 0.294915348 0.242335126 0.0668977425 0.281264931 0.0996911228 -0.014993513 -0.0709178373 -0.302090943 -0.171178386 -0.249889344 0.215836734 0.150656253 0.27266857 -0.242091924 0.107982159 0.168024451 0.0610137694 -0.228394911 0.0570600927 0.12683621 -0.128067285 -0.216554135 -0.312205046 -0.312606037 0.233249858 -0.185921058 0.0426017046 -0.158791199 0.181631416 0.205503866 0.296062797 0.122601882 0.222674131 -0.0634948537 0.239709109 0.194100201 0.146980211 -0.234009147 0.0931350589 -0.133494988 -0.115930423 -0.328162163 0.119872622 0.0267541409 -0.211268157 0.158539072 -0.103021234 0.286270648 0.0696102008 0.153178751 -0.0193696581 -0.108976886 -0.0991021618 -0.237562299 0.159684792 0.135905892 -0.310654402 -0.216267005 -0.119428955 0.275431424 -0.231326476 0.280300289 -0.0253637135 -0.163816988 -0.280786544 -0.209376305 -0.0870334804 0.0261940639 -0.115174204 -0.0403665565 -0.0763949305 -0.177552119 -0.0590226054 0.296594501 -0.109597996 -0.326457441 -0.189365193 0.236723572 -0.34390521 0.267210931 -0.0548422337 0.029176414 0.118234813 -0.244996756 0.185575873 0.183157414 -0.052320838 0.22936371 0.238055676 -0.111311346 -0.346254319 0.328427225 0.115412898 0.0535376966 0.283400148 -0.0274815056 0.215493187 0.239482209 0.23880586 0.174711004 -0.148525968 0.0074358331 0.0715403631 0.166574523 -0.334204197 -0.173949704 -0.225622356 -0.109522372 -0.230698019 0.346967369 0.27837798 -0.228519782 0.210264534 0.215344697 0.350222677 -0.248931587 0.136739224 0.313552469 0.202011019 0.0522462428 0.302584618 -0.171564639 0.2355524 -0.137271523 0.253977865 -0.258162081 -0.253086418 -0.101685636 0.286026418 0.279147506 -0.130340576 -0.243293166 0.171337485 0.245803267 0.19611381 0.0757807121 0.204391807 0.29192555 0.114812642 -0.204558462 -0.0296358168 -0.158306926 0.313717097 -0.33966887 0.296613902 -0.254057407 -0.246269509 0.0950900316 -0.112958774 0.345519751 0.342955917 -0.314688593 0.240702659 -0.00371280313 0.0146168284 -0.298447222 -0.0532838069 -0.127128184 -0.196140468 -0.293367147 -0.196325511 0.0146031482 0.00559746567 -0.0374046303 -0.125473633 -0.127468765 0.00567484926 0.216350272 -0.141528279 -0.0117409602 0.12254633 -0.0368441939 0.198748857 -0.202270776 0.177261382 -0.104090795 -0.221718103 0.264292985 -0.140574396 -0.176351815 0.0351076983 0.0146284457 0.0174718536 -0.349418372 -0.129643008 0.242434278 -0.00749663031 -0.271520793 -0.0773161277 -0.0208932776 -0.175407425 0.115014359 -0.0604873262 -0.191430479 -0.073142536 0.0966869891 -0.053496182 -0.312018931 0.114072599 0.09180969 0.225774214 -0.24242346 0.296050698 0.192232698 -0.220457688 -0.209069535 -0.173397943 0.189161465 -0.31173104 0.111662775 -0.328300089 -0.25356245 -0.0548693053 -0.298654765 0.30715847 -0.254673988 0.24640736 0.0109498808 -0.24784404 0.0141031742 0.0448766947 0.0544891357 -0.229626656 0.119586617 0.183997184 0.0646267831 0.149910837 0.0571142137 0.139803529 0.314129502 -0.339101136 0.292008787 0.136382401 0.352245718 0.0755346566 -0.0131514072 0.237549424 -0.195469797 -0.158903569 0.0874653906 0.325142324 0.314820409 0.111954056 -0.24155663 0.164633229 -0.00367053249 0.300828815 0.290414363 -0.348033994 -0.0156211639 -0.204523474 0.310951918 0.262643486 0.25196448 0.276653856 0.0156809092 0.276810437 -0.292203754 -0.0159372389 0.318074852 0.19909057 0.0780926347 -0.172734722 -0.142645076 0.0499320328 -0.190553397 -0.300426871 0.0659088194 -0.0678974092 0.236597136 0.310999423 -0.0187784377 0.333027959 0.0632557347 0.345864981 -0.294772714 0.00706203794 -0.0497184396 0.158990711 0.0741058215 0.342632264 0.252244473 0.0405040383 -0.246311992 -0.0848191679 0.182125896 0.329440922 0.164241105 -0.120614409 -0.118775547 -0.230202541 -0.0788607001 0.296510726 -0.184479535 -0.153219044 0.0884415209 -0.276650488 0.337949246 -0.111053914 -0.0389380455 -0.13607569 -0.32063508 0.166944236 -0.0979058966 0.154295325 0.14460817 -0.317621171 -0.0800316632 0.141080648 0.0776491761 -0.274941683 -0.272717059 -0.186077073 0.13256377 -0.322928041 0.107032269 -0.19954066 0.182012424 -0.202991098 -0.174559429 -0.14529027 0.00942052528 -0.305370927 -0.177799389 0.152422711 0.341103703 0.0694335252 0.284399778 -0.174574003 -0.172450572 0.302380711 -0.189093605 -0.168357268 -0.0514684618 -0.188184246 -0.04131639 0.0892403722 0.168877333 -0.253665268 -0.0493822098 -0.0292216837 0.0272005498 0.272888511 -0.224395886 -0.0509368181 -0.203473344 -0.0491193831 -0.317739367 -0.07170856 -0.0581845641 0.197171539 0.194596201 0.115118563 0.0358130336 0.0362103879 -0.0865779817 -0.27185452 0.330550462 0.191110224 -0.312149405 -0.108496606 -0.224852428 0.148429826 0.229706973 -0.243901476 0.233829409 -0.257456899 0.123290122 0.0042283251 0.28976965 -0.0962881818 0.319872558 0.00407244312 0.310454935 -0.222753987 0.257264465 0.0976707861 -0.334013909 0.226825148 -0.0874375999 -0.302429497 -0.144602239 -0.0671353638 0.107420772 -0.152967855 0.316783816 0.118852854 0.119861014 0.222062916 -0.253102779 -0.229965851 0.270118743 0.352426708 0.321068972
tensor_densebias0 32
-0.000872953446 -0.00163696869 0.00113988027 0.00218596216 0.000615718192 0.000527914264 0 0.000824305695 -0.000572467456 -0.00128070905 0.00096589129 -1.23959016e-05 0 0.000679552555 0 -0.00031660049 0 0.000332814059 -0.00158373127 0.00023150249 -0.00143204106 0 -0.000783169351 0 -0.000131288572 0 -0.000391043257 0.000533658487 0 0 0.00359699549 0.00136593916
tensor_densekernel0 2048
-0.217690215 -0.242754132 -0.0947607979 0.0225533452 -0.0297263321 0.0875664577 0.189773142 0.121593982 0.204578727 0.16671142 -0.141290531 0.0197670944 -0.192496717 0.181149274 -0.177680612 0.196371794 0.12422204 0.0948961675 -0.10141243 -0.034008421 0.195502162 -0.207302749 0.143604785 0.219165623 0.120549306 0.0491584539 -0.159701169 -0.00613790471 0.125105321 -0.141859472 0.12633729 -0.183886513 -0.187789813 -0.221132711 -0.0150111383 0.187054113 -0.185981497 0.212741494 -0.107927024 0.240193397 -0.242892563 0.109709397 -0.169207722 0.0246161576 -0.226919055 -0.035930112 0.116011977 -0.143494114 0.186138868 -0.190738603 -0.133084208 0.0649207458 0.0864679962 -0.0290516019 0.0369075537 -0.226878345 -0.143872038 -0.000188946724 -0.199861184 0.141942203 -0.0198503733 -0.213329613 -0.0935193226 0.0675623938 0.194812328 -0.0401353277 -0.216646567 0.133142069 -0.160223454 0.227337286 -0.185535848 0.1447597 -0.0370957255 0.17357482 0.0871541128 -0.0932868719 -0.12699163 0.180585444 0.112675011 -0.188903615 -0.143125594 0.114958912 0.130154863 0.246227399 0.104058094 -0.0703849792 0.166543305 -0.0661386847 0.05357752 -0.0835915804 0.159028426 -0.0960322842 -0.24767375 -0.0317310095 0.0193302818 0.144556418 -0.000971593254 0.0972570181 0.194297507 0.21721068 -0.169142127 0.0231436435 -0.165314913 -0.20860064 0.194005936 -0.192009196 0.130574003 0.0487299114 0.0531001687 -0.0538452044 0.0709844828 0.159005284 -0.0662757754 -0.228690118 0.104361102 -0.125639826 0.248301938 0.117601514 -0.0258607026 -0.147541285 0.2378169 -0.169352949 0.0446068645 0.147867173 0.141693294 -0.222535849 0.0395095088 -0.134038523 -0.227595448 0.152582929 0.0625221655 -0.134098858 0.144957364 -0.0939349458 0.248096526 0.181287989 0.110844061 0.1058532 0.184375092 0.175330207 -0.143748105 -0.0945860818 0.212626636 0.0262159519 0.0222117901 0.157088012 0.172126383 -0.194577724 -0.0101211779 -0.21510148 0.0582792535 -0.0740369558 0.161932141 0.115545094 -0.174629018 0.218262687 0.0582273006 -0.232404649 -0.0235728901 -0.227927119 0.0778854191 -0.127842277 -0.120735548 -0.191788539 -0.0406438857 0.226837903 -0.0424856544 -0.193036735 0.040183194 -0.233771488 0.0904202834 0.115546525 0.00476008654 0.221543387 0.0296397209 0.10867878 0.0557444692 -0.0163380019 0.0881515443 0.247878894 0.159955993 0.0336017013 0.169814616 0.149428844 -0.0366765782 0.0501251817 -0.167328715 0.107334517 0.18031323 -0.193378687 -0.134930849 -0.184643254 0.224766761 0.100745469 0.131581321 -0.2388172 0.169757217 -0.0470358878 0.212032318 -0.141514793 0.227985784 -0.168838978 0.202542618 -0.0663787276 -0.102571964 -0.0528705604 -0.142819762 -0.0820148736 0.162829578 0.216860086 -0.0186323337 -0.0276407544 -0.0606266335 -0.203646004 0.19582589 0.119463205 0.071302563 -0.225787818 -0.240764335 -0.180510372 -0.0795276761 0.133167505 -0.0547959767 0.0863507837 -0.190905914 0.0946514755 0.0363138914 0.239790171 0.164851859 -0.145895407 0.0229514837 0.12349809 0.200540528 -0.135275945 -0.10432741 -0.175373256 0.18961972 0.191815689 0.0977520943 0.147342399 -0.00685024261 0.0751411691 -0.221477419 0.152030647 -0.10158287 0.0555127263 0.138793334 0.225162029 0.0838756263 0.129213989 0.0620124079 0.194610134 0.0843151212 0.217553556 -0.0140229221 -0.185833305 -0.246001139 -0.0200387798 0.17550768 0.0814405009 -0.214433372 0.107659906 0.227526546 0.162692815 -0.147490472 0.0316349193 0.20122847 -0.00475714449 0.012740016 0.166405067 0.15737009 0.183083847 0.124970436 -0.0812224969 -0.0896639749 0.14347057 0.237080425 -0.218088269 0.23339045 -0.0472334623 0.0701684356 0.00930267572 -0.077701807 -0.121527515 0.115928411 0.182702243 -0.0581011996 -0.145981416 -0.170447633 -0.0700940937 0.137673751 0.087464951 0.156415716 0.0351097584 0.190654814 -0.167381212 0.0348656178 0.157189175 -0.219768837 0.110585943 0.147759199 -0.199309036 -0.0766236782 0.198025659 -0.110784113 -0.135807499 0.0885428861 0.191520348 -0.18318592 -0.156956315 -0.181061268 -0.192591131 -0.0331149101 -0.0296197534 0.0832523406 -0.1090286 0.0142940879 0.127011657 0.0654718354 0.0467277691 -0.217630059 0.175040439 0.192550555 0.155958712 -0.221510425 0.24161689 -0.204453766 0.180854857 0.00838356558 -0.16084969 -0.0368440002 0.18599622 2.46167183e-05 0.166378543 0.0145729184 -0.179781094 -0.224589527 0.0125352759 0.0520736016 0.0960785374 0.119333364 0.02773875 -0.138205424 0.103848815 0.0152318431 0.143893898 0.215391502 0.177569225 0.175751269 0.178108931 0.235668629 0.124178641 -0.220900193 -0.162703082 0.0416463539 -0.193229809 -0.203847513 0.23391898 0.145794094 0.24097833 -0.214144766 0.178548232 0.113468155 -0.180574045 -0.0769550204 0.08868853 0.0893163085 -0.203461081 -0.19562602 0.123915531 -0.0586471707 0.0707482398 -0.110057205 -0.0558233857 0.182187319 0.205453336 -0.166106373 0.129575849 -0.0881648809 0.187317267 -0.0943878293 0.0485560894 -0.156500429 -0.234189048 0.0678534135 -0.167127237 0.178233713 -0.0974135548 0.0207283888 -0.058033485 0.182682097 -0.209392875 -0.160534143 0.119611688 0.0414776057 -0.133505538 -0.112639725 0.190205157 -0.14319557 0.111064181 -0.104545951 -0.0623638779 0.14852877 -0.153059006 -0.233699009 -0.0923475027 0.247674391 0.0503312945 -0.209394723 -0.116369367 0.174678966 -0.172053397 0.0412371159 -0.118772924 0.047878854 0.189350754 -0.144832075 -0.234226421 -0.000171502514 0.0327020399 0.0926171765 0.203093946 0.0367897749 0.124641471 -0.137134597 -0.168330625 -0.0543277897 -0.0328441299 0.249387562 0.121527359 0.213256776 0.0895342007 -0.0849695206 -0.0833374262 0.124543205 -0.0230342336 -0.0209711082 -0.221045911 -0.123797722 -0.223646462 -0.0789806619 -0.242372453 -0.0751239806 -0.131327972 -0.201188982 -0.0959383845 0.233090773 0.0402772538 -0.0993225276 0.0675461218 -0.0754416957 0.222861484 -0.1067385 -0.114775345 0.134147346 0.160494879 -0.0340514891 0.166116118 0.134705633 -0.240259543 -0.0486162305 0.08202409 -0.0291380286 -0.00962605048 0.0304433703 -0.0357008837 -0.120260753 0.142375767 -0.167991936 -0.181765735 -0.0628992468 0.0573741198 -0.0539105088 -0.0694255233 -0.0765345395 -0.104157999 0.133363545 0.0788642168 0.247584805 -0.0332120433 0.127590016 0.198755413 0.20090206 -0.144955441 -0.130530059 -0.064634122 -0.145051658 0.113534883 -0.21874927 0.0388366096 0.227475986 0.223213866 -0.136360943 -0.146675229 0.0262112021 -0.134700581 0.0923860669 0.158843666 -0.110677026 0.135026231 -0.18516925 0.13226068 0.000499491231 0.0475569963 -0.202857688 -0.0139796138 0.114865571 0.208382845 0.161931038 -0.248603702 0.0110449325 0.0267820489 0.147259668 -0.161226153 0.107141308 0.106345557 -0.215385467 -0.11766205 0.172045052 0.124264538 0.100989789 0.128315002 0.0971746445 0.244161621 -0.00517916679 0.0387421809 -0.140386581 -0.196843758 -0.20852679 -0.0171902981 0.106148876 -0.0157728307 -0.241841719 0.0729089379 0.185370564 -0.121449769 -0.162311614 -0.170390308 0.124993332 0.144201159 0.0930121541 0.0365306735 0.117463008 0.105475225 -0.149390399 0.0283127762 -0.0266712885 -0.0825567916 0.171506003 -0.0994621813 -0.111469209 0.0376234762 -0.0504542626 -0.0799079165 -0.00838269386 -0.107975543 0.0293379426 0.185588866 -0.243440092 0.0384579562 -0.156658113 0.0523861013 -0.0629923493 -0.040766187 -0.184121117 -0.0998563766 -0.165447697 -0.236395657 -0.0897809044 0.0705118179 0.132027864 0.15817745 0.0375373363 0.149625182 0.221876591 -0.0757727176 -0.161299512 0.040270675 -0.00682335859 -0.0441444814 0.114343964 -0.0484278798 0.0309050679 -0.110495999 0.197507098 0.124068663 -0.0873880014 -0.0510318428 -0.0764052272 0.0347610004 -0.0688695312 0.128473207 -0.0585281849 0.196491137 -0.0795765817 -0.022453567 -0.215583175 -0.170339584 -0.0318207182 0.0789985061 0.0425236337 -0.0994710326 -0.195997745 -0.0329071358 0.107362747 0.0743541121 0.0234221183 0.13865234 0.173346117 0.163408816 -0.0824531168 0.00383531675 -0.13555935 -0.00290666171 -0.0312287211 0.00515863579 -0.174309567 -0.0926680937 0.0683955997 0.10519772 -0.240655661 -0.0624450669 -0.168575168 -0.241457418 0.222699523 -0.135601297 -0.203418806 0.0705470666 -0.0402070954 0.0519182682 0.00860943366 0.145418465 -0.0490617976 -0.141833127 -0.0449971184 -0.0682029799 -0.103456199 0.055357933 0.169128492 0.0728617087 0.069372803 -0.0989225507 0.223652214 0.104610637 0.0457568131 0.14793317 -0.0907492042 0.137223735 0.159442216 -0.218932539 -0.0303761717 0.00557263009 0.165434003 -0.174999952 -0.0104445219 0.112038665 0.00524109602 0.165729344 0.153209671 0.238547057 -0.0371721983 0.234061241 -0.0106606046 -0.180488586 -0.228571638 -0.0921947956 -0.17675665 0.0103577226 -0.226401448 0.135379314 0.152392402 0.0848288909 0.0675149038 -0.207846656 0.0758763924 -0.0323821232 0.0153095853 0.11808341 0.112303972 0.190694794 -0.159428194 0.233868897 -0.0142600238 -0.0658754185 -0.0707861781 0.0284718182 -0.237624407 0.196672931 0.0717951655 -0.0666309148 0.0585891046 0.147093162 0.0692129061 0.141157508 -0.145352185 0.149771333 0.063606672 -0.157841444 -0.126340866 -0.213589147 -0.0236609578 -0.224039793 0.0629985705 -0.0921129286 -0.015106068 0.0301956758 -0.0957534909 0.0984227508 0.244383633 -0.0183672309 0.0619748235 -0.199784786 0.115225062 0.17530258 0.189097598 0.000713179761 -0.24988842 -0.217935398 -0.0265469551 -0.0626563579 -0.110890865 0.0653472021 -0.124750413 -0.24765186 0.176902577 0.247074902 0.0113868918 0.134913385 -0.0882183313 0.0883541703 -0.0756429061 -0.203196347 -0.100102365 0.216576755 -0.0732732713 -0.10051541 0.0930710286 -0.107210182 0.0286771376 -0.223317549 0.172009364 -0.00101814396 0.140132368 -0.230454326 -0.0191774834 -0.0903300121 0.244369447 0.0822193399 0.0403742194 0.0815979913 0.219230294 -0.00934588443 -0.128800035 -0.202992484 -0.115542814 0.048165869 -0.103386097 -0.122264087 0.19814229 -0.102501094 -0.0290264711 0.162031472 0.22192286 -0.00461483048 -0.153840721 -0.0457981229 -0.202476278 0.0601471364 -0.204479501 -0.10241235 -0.100861505 0.24647215 -0.100682795 -0.0764065683 0.000665485859 -0.207163319 0.171872228 0.119516715 -0.0824535266 -0.0866221264 -0.00734591484 -0.187023655 -0.0204231739 -0.0823423341 -0.108106434 0.137832895 -0.0336346924 -0.161128104 0.177204818 -0.0445051789 -0.0733258948 0.226935983 0.0755381212 0.1815418 -0.132918596 0.158104628 0.0884940028 -0.245110273 -0.0665599927 -0.145025283 0.0401704721 -0.154083893 -0.0382423475 0.202103376 0.197869286 -0.132848725 -0.19805634 -0.0326961949 0.0812368393 -0.129080147 0.236151248 0.221962571 -0.150629044 0.198285073 -0.00454449654 -0.133560523 -0.0413038135 -0.171524882 -0.102647461 -0.239290774 -0.0699749589 0.248308778 -0.0140702203 -0.193621278 0.00513041625 0.247267008 0.246259317 -0.0483380407 0.147598565 -0.215476692 0.13901934 -0.0363090187 0.227650151 0.133088082 0.0679837391 0.0148037355 -0.199289396 -0.236403942 0.225786448 -0.210152075 -0.115169309 -0.069214806 0.227672234 0.00449630106 -0.196416497 0.0226202998 -0.0495143533 0.136244684 -0.241138577 -0.169587791 -0.0129885916 -0.155976042 0.197968274 0.0423254967 -0.226333901 -0.162045717 0.151737615 -0.131536007 0.0691915527 -0.239927694 0.209018052 0.023111701 -0.205456614 0.0750010237 -0.176446542 -0.227696508 -0.11050678 0.0810351893 0.224272057 -0.194031864 0.156761467 0.192736492 -0.117941424 0.128126174 0.13482374 0.107710369 -0.029692173 -0.0290765166 -0.0492450595 -0.170459002 -0.216520011 0.175898403 -0.143310711 0.229691178 -0.0144045334 0.183039725 -0.219836637 0.0878911018 0.0459542088 -0.226978004 -0.128736988 0.237121791 -0.116469562 -0.142227232 -0.148212329 -0.0106906388 0.0422347933 -0.236734882 0.162923366 -0.0438187197 -0.18904759 0.193110198 -0.196512103 0.0729842186 0.183888912 0.21734032 0.0873377845 -0.202263892 0.247475564 -0.158941925 -0.189540565 -0.232767761 0.00531369448 -0.152095586 -0.0145716704 0.00715689175 -0.126573473 0.19077903 -0.129116535 -0.0757376552 -0.0337533914 -0.146404505 -0.0225156248 0.201717004 0.231347859 -0.00916725397 -0.237694725 -0.187703058 -0.0511215888 0.197597563 -0.0110699125 0.0972200111 0.195045441 0.240499526 0.0792683959 -0.159216926 0.0653970093 -0.0634886995 0.199112147 -0.0183233656 -0.129167199 -0.212675452 -0.231181502 -0.0248399116 0.16754806 0.10466627 0.112904787 -0.226700008 0.0338718705 0.0021417737 0.218553022 0.176679194 0.130760446 -0.10520792 -0.0707289949 0.0638642907 0.018260777 -0.239304662 0.018120259 0.22052677 -0.222215861 0.199321792 0.247915134 0.153608099 -0.0902928337 -0.0847700015 -0.163261533 0.0642360076 -0.14247781 0.0110007171 -0.0906292349 0.0649725571 0.0155254602 -0.218982309 0.114792168 0.202957153 -0.23829335 0.151858345 -0.0846351534 -0.131171778 -0.144871175 0.216319084 -0.00584002305 0.0483316183 -0.173543438 -0.24583447 0.0223122612 -0.00624119584 -0.15369451 -0.240122437 0.132657215 0.247460872 0.0619068108 -0.110806428 0.0629488379 0.219817147 0.0169162825 -0.0473684743 0.125754952 -0.0680955872 0.122218378 0.0839439407 -0.0430466309 -0.112757854 -0.179913759 0.0163740665 0.191180527 -0.107267052 -0.0331230164 -0.159239173 -0.168178573 0.22773394 0.104478762 0.114662826 0.15741536 0.0335070491 0.0221557971 -0.130015135 -0.10857176 -0.0555004999 0.137758255 0.0191597939 -0.0874725655 -0.0433752201 -0.0748128518 -0.142010197 -0.202692926 -0.0705554187 -0.100929804 0.150315806 -0.0107399821 -0.0556853302 0.175573766 -0.114946619 -0.034242589 0.0840577036 -0.183329999 -0.185523346 -0.097571373 0.0203642882 0.000805795193 -0.117771886 0.198947459 -0.242582202 -0.0867118984 -0.004144907 0.220290869 -0.0278265476 0.166962937 0.0273413658 -0.192612976 0.158469841 -0.157200754 -0.0943738222 -0.0128674256 -0.147328317 0.218227714 0.231530413 0.143066615 -0.0772225857 0.194135308 -0.183339939 0.135909975 -0.0787087604 0.0391283035 0.140020952 -0.0794963241 -0.033515688 0.246617198 0.0946886241 0.00376677513 -0.139328197 0.115814209 0.202945173 0.190884128 0.117615134 -0.186815336 0.109736979 -0.151569903 -0.0630225539 -0.0233427826 0.0668656826 -0.0241086204 0.100012697 -0.178235292 -0.143868446 -0.0504617728 0.223182499 -0.0112926383 0.192347929 0.0145393573 0.0134594869 -0.118861601 -0.187800273 0.125078976 -0.0171377342 0.00279534352 0.0967553332 -0.218935937 0.117468469 0.219488382 0.0654254332 -0.138183236 -0.184517741 -0.183991194 -0.138481945 -0.0479460284 0.16655916 0.0208361242 -0.0145128965 -0.124202445 0.110116124 -0.111524314 -0.0618566871 0.171076998 0.153111845 -0.16694355 -0.0869773626 0.218990073 -0.126322269 -0.194914684 -0.0953697637 -0.0432910062 0.0715523437 0.150720507 -0.175043792 0.156681776 -0.216017842 -0.208042309 -0.233763531 -0.18150346 -0.0622173324 0.118228316 0.0273395944 0.138288438 0.114156865 -0.121815026 -0.102531768 0.133189127 -0.18033196 -0.00359224156 -0.00210815668 -0.114540786 -0.115286112 0.00504394434 0.0343660116 -0.0238680821 -0.134876877 0.0535693169 0.0425750017 0.0098686358 -0.151397735 -0.00204934017 0.0783881322 -0.213617817 -0.0135941785 0.181036949 -0.174949244 -0.191838741 -0.0770772845 0.0291197933 -0.129771218 -0.0976571739 0.231596485 0.2060588 0.236988813 -0.18418628 -0.00910444558 -0.248896956 0.17683883 0.0395507514 -0.156779692 -0.201963007 -0.230007529 -0.127911165 -0.164503813 -0.0474111065 -0.247433603 0.239185691 0.234849513 -0.0518791676 0.122455776 0.159843221 -0.0383919775 0.0566659607 0.10681019 -0.0995891988 0.0941294506 0.0838878155 0.118501902 -0.0213020444 0.0352003463 -0.102750391 0.170463935 -0.151386723 0.010971467 0.217215419 -0.10056904 -0.0225473046 -0.164178297 0.00318515301 0.0138536338 0.158939704 -0.0599474199 0.113740735 0.0110641718 -0.135309324 -0.142915964 0.0674132109 -0.204683661 -0.050059054 0.0441868044 -0.094912827 0.236402452 -0.0266173724 0.0839660019 -0.142040879 -0.100432344 0.201934591 0.0114113735 -0.146365374 -0.192913294 0.080216527 -0.200538039 0.0388494767 0.24120225 0.199967057 0.0543352328 -0.0816310644 -0.121629089 0.235481679 0.145269886 -0.171274483 0.00596419722 -0.00406352244 0.0927678272 -0.00657895347 -0.0932152271 0.185874656 0.0596444011 0.174105927 0.0879479051 -0.0145667708 -0.133728877 0.143557727 0.247575998 -0.211018279 0.230981916 -0.12963064 -0.000461854244 0.211225048 0.113210358 -0.177101701 0.0479855537 -0.109744012 0.00726805488 0.15925248 -0.135066912 0.221399739 -0.0591921881 0.186630666 -0.0779364705 -0.0172023177 -0.0795797482 -0.0772675872 -0.167152017 -0.16228959 0.110160582 0.166971773 -0.189284682 0.21221815 -0.241389275 -0.200279266 0.237972736 -0.020069221 -0.221975341 -0.0603150725 -0.00959563255 0.0484206192 -0.17788592 0.198772594 -0.0400540717 0.192201406 0.178707227 0.224450797 0.111055478 -0.0134176016 0.167416811 -0.00757139968 -0.0468354821 -0.0581080914 0.0569847263 -0.155338645 -0.202510983 0.168488324 -0.0841054693 0.160999537 -0.0956663638 0.0131430198 -0.221518755 0.126140207 0.0259431601 0.209284186 0.241241574 -0.162443906 0.0645610094 -0.243639007 -0.0721299276 -0.0780597329 0.00680911541 0.0222275965 -0.150469884 0.0404362865 0.199949443 0.116099931 -0.183581933 -0.164006501 -0.175152779 -0.201253951 0.176058695 -0.0669616163 0.020041788 -0.23824954 0.0949055254 0.0133581161 -0.236674234 -0.076979816 -0.211028293 0.131617725 0.194516689 0.235306203 0.197207227 0.134348109 0.218041241 -0.156504124 0.0677380562 0.0427906364 -0.0434390903 -0.015356482 0.124612138 0.0575671196 0.0345309377 0.211287424 -0.217131436 -0.0217506252 0.198259518 0.0311946683 -0.183473557 0.0696429461 0.208485454 -0.232569456 0.132947281 -0.233324558 -0.154534012 0.13102138 -0.122884989 -0.0210902691 -0.212411582 -0.235059202 -0.143833548 0.117503703 0.167622492 -0.0902183652 0.163473651 0.051378116 0.0877626538 -0.0145919891 -0.246811807 0.0685873702 -0.113854647 -0.090676032 -0.0631048903 0.15438211 -0.0564440489 0.237814248 0.16743961 -0.0351794846 0.192733154 0.101906613 0.0592232719 0.175411627 -0.0469868705 0.0149047375 0.146450743 -0.00816636439 0.0321998559 -0.128149435 0.0530565158 0.0235376358 -0.0433930308 0.031157136 0.0852836967 -0.0187582374 0.122436099 0.240563869 0.0164324958 0.24327603 -0.0718887448 -0.0178111661 0.223157465 0.202881992 0.0636942983 -0.189749151 0.118147157 -0.212558389 -0.121990919 -0.0713258311 -0.201273516 0.209488943 -0.228291333 -0.0833038986 0.217403516 -0.151694655 0.0707914084 0.134403646 -0.0484754704 0.204571918 0.157787338 -0.160127029 -0.166790426 -0.205062449 -0.200979605 -0.024736464 -0.107510664 0.111905813 0.131964192 0.153387755 -0.210209131 0.00910891965 0.0498185158 -0.171556741 0.0604966283 0.0113550182 0.135560632 -0.155157745 -0.132042274 -0.139718473 0.0229505301 0.131881863 0.170819327 0.235128865 -0.110157192 -0.0212940127 -0.0923597515 0.116266206 0.106867112 -0.0419230461 0.123275973 -0.243653134 -0.156110436 0.101867743 0.0517598018 0.237690926 -0.219268218 -0.0980598927 0.170839906 -0.0213269591 0.140125245 0.0941501409 -0.0062829433 0.0727883279 0.0660032034 -0.0050743469 -0.0412200093 0.0274479203 -0.224303365 -0.0483343303 0.208331198 -0.0768007636 -0.127938449 -0.107649229 0.0344072916 0.159701169 -0.0484582968 0.0588911809 0.0768045336 -0.147501871 0.200419188 -0.107085109 -0.0954628587 -0.0147713106 0.0173528623 -0.0138086248 -0.140422657 -0.0510675907 0.133912802 -0.183696806 0.140442953 -0.130000591 -0.144441709 0.0992053375 -0.156144425 0.0198809821 0.0279205441 -0.146496966 -0.239583969 0.136644855 -0.115211248 -0.0766955167 -0.0923466831 -0.186270773 0.0418470502 -0.00373333623 -0.19987081 -0.245477706 -0.118112236 0.207093507 -0.13274242 0.0804647356 0.222883657 0.092173636 -0.0202150047 -0.177384734 -0.103172414 0.187699869 0.128087714 0.103158832 0.0832287446 0.0664294362 -0.00624917774 0.0862216353 -0.149318576 -0.160123438 0.112910606 0.176006109 -0.235351622 0.217443958 -0.162625372 0.10713812 0.0785250068 -0.225978747 -0.0147092538 -0.148018718 -0.105029345 -0.214544401 0.103609093 0.202431858 0.0168276336 -0.108816266 -0.221731991 0.134354338 0.213348091 -0.0153836012 0.0422785431 -0.0768663883 -0.213127181 0.0568509772 -0.205680445 -0.204602003 -0.199814811 -0.23038429 0.225767568 -0.0679306984 -0.215760604 0.0778570697 0.244774088 -0.160122067 0.0995468497 -0.0271176491 0.230076313 0.0598869361 -0.0797045231 0.0085110832 -0.0526060238 0.165233135 -0.22051084 0.156093463 -0.0248330422 0.122364856 -0.147422522 -0.115568779 0.0460363925 -0.130109817 0.128263399 -0.0242747664 0.19149588 0.148641422 0.0548632368 -0.143014893 -0.183074147 -0.0286038518 -0.188242897 -0.0299218893 0.0952573493 -0.2226004 -0.148301944 0.223992705 0.0598306246 0.155480012 -0.167080879 0.0550697297 0.0151541829 -0.245165363 0.156642556 0.193775386 -0.221468434 0.162762284 0.0173729658 -0.216899231 -0.0424334146 0.247347564 0.0670011938 -0.027510656 0.0442954972 -0.175976828 0.214548334 -0.0109748244 -0.0776869506 0.041471947 0.136755168 -0.0317210518 -0.0282402523 0.10685724 -0.124106228 -0.163292468 -0.00427041622 0.0208490491 0.130512819 0.128705829 0.240899935 -0.123684227 -0.217088521 -0.23575075 -0.160015225 -0.109296285 0.0700320005 0.17843549 -0.119075224 0.191703498 -0.218488097 0.121112153 -0.138216153 -0.210580617 -0.0399579518 0.209292471 -0.188444331 -0.214675725 0.140234366 -0.174173653 0.245022416 -0.201738685 0.161433965 -0.045371335 0.0472947247 -0.0040088892 -0.170193791 -0.224756718 -0.0590553693 -0.248049855 0.0891769826 0.0384095199 0.0213997364 -0.143693224 -0.128992856 0.0764900446 0.0464565754 -0.136909708 0.162093163 -0.153147206 -0.127306983 0.229471803 -0.00186616182 0.177987799 0.116514072 0.000385161256 0.133154705 0.232053071 -0.245366901 0.160364494 0.211667791 -0.148723364 0.155034021 0.0208008271 0.162446171 0.109949961 -0.00284872367 -0.245514154 0.131003201 -0.157584965 0.11766202 0.0855823159 -0.00823374931 0.227645963 -0.11307548 -0.226346329 -0.0263201594 0.102020487 -0.226142228 0.133785203 0.0205218792 0.170097798 -0.194468766 -0.00447934866 0.136509895 -0.0646328107 0.199017823 -0.0103133917 -0.152484804 0.0720898211 -0.12127395 -0.0779795796 -0.121542417 -0.209459543 0.0360904299 -0.142184138 -0.184932187 0.0432505719 0.161713228 0.0803161263 0.0989591628 -0.196570337 0.00800686982 -0.0991197824 -0.108398475 -0.107497349 0.189916626 0.0944271982 0.115225554 -0.079310596 0.205625057 0.0226857979 -0.18685329 0.187094331 -0.139521047 -0.0111113191 0.232442617 0.118560717 0.227030188 0.0180940647 -0.0235533156 -0.200066045 0.167326838 0.0161824431 0.0543265678 -0.172586322 -0.245962232 -0.0593992174 0.0356522575 -0.176961064 -0.221863031 -0.107774615 0.138196841 -0.0236100554 0.211236805 0.190016866 -0.147807777 -0.0587768443 0.075884521 -0.215381041 0.0881320238 -0.0399466604 -0.0593262911 0.0936095938 0.162909031 -0.245794415 0.0675268397 -0.232768118 0.0571665168 0.0978922769 -0.0253819469 -0.146579161 -0.00759320799 0.00492516998 0.18164283 0.106825426 0.194877923 0.0156693459 -0.0243590213 0.0951487869 -0.185776025 0.216433182 0.133179173 -0.152042329 0.0673080087 -0.178864181 0.000373195187 0.235840857 0.211628616 0.155391529 -0.201876968 0.0196801145 0.160502374 0.0312198326 0.093601346 0.00359167531 0.0883757472 -0.0507514291 -0.165255919 0.0897445679 -0.10654664 -0.00473817531 0.0217622034 -0.143614188 0.228359714 0.111577861 -0.121205874 0.118707366 0.139866948 -0.157826185 -0.230904922 -0.157786965 0.181453601 -0.158243239 -0.133396387 -0.177071273 0.203703359 0.121806145 0.09583956 0.0558360219 0.0985701606 0.0346373282 0.0360106491 0.154281512 0.000517189503 -0.163253441 0.0128993392 0.0452803634 0.184518456 0.174309492 -0.083539255 -0.179336607 -0.0802578926 0.0232090559 -0.228209183 0.238085881 0.247479469 0.199006528 -0.193479285 0.0804708153 -0.203811869 -0.0192653537 -0.0925033763 0.228247076 0.0359707624 -0.184345916 0.16105397 0.129149854 0.0995949209 -0.0314050913 -0.22277005 0.192854345 -0.170671821 -0.235825419 -0.106322236 0.104267202 -0.0494211316 0.14776215 0.176621497 -0.0990624428 -0.199919283 -0.194649175 -0.0542178303 -0.248981237 -0.204200983 -0.0641697869 0.0524516441 -0.0769795105 0.132710457 -0.17173101 -0.183261946 -0.166278064 -0.0421628058 -0.226743519 0.137363255 0.193062469 0.039412301 0.1657857 -0.122500591 0.19604218 0.0431150794 0.173701882 -0.174324438 0.0542439818 -0.00633638445 -0.129332006 -0.116354756 0.203441337 0.0112425089 0.139859036 0.0435858369 -0.116383106 -0.0534812212 0.215489507 -0.117434502 -0.14206022 0.0125607848 0.143332243 0.0603512824 -0.0698163286 -0.16625376 -0.089946121 0.199831843 0.0284064822 0.0913004056 -0.104481995 0.00635469938 0.0640491098 0.0561982356 -0.248855397 -0.152587771 -0.179220736 0.00217143027 0.154181719 0.175292835 -0.236269712 0.106550187 -0.236265883 -0.039265167 0.226664826 0.138954461 -0.178552896 0.154464245 -0.0486987568 -0.0535677075 0.0193309095 0.189986512 -0.186054349 0.143028796 0.003169392 0.108497828 0.058391802 -0.014823759 0.0743453875 0.213398471 0.00789193716 -0.145975545 -0.0714869499 -0.0363811404 -0.148727879 -0.220745087 -0.138759166 0.0327013284 -0.00175255537 -0.234092414 0.144390404 -0.0249951128 -0.131838799 0.00127081131 0.202305898 0.0855274051 -0.209350601 -0.207776427 0.0872760639 -0.195469499 0.130051628 0.097243309 0.0601221286 -0.101846263 0.0844491124 -0.240600526 -0.215214521 -0.0742488652 -0.113977529 -0.0558392964 0.0390591621 0.0606410801 -0.0841852129 -0.183802769 0.0780464411 0.177275434 -0.143347412 -0.172010019 0.163245112 0.23757647 -0.00571286678 -0.0824066028 0.0292688608 0.15877077 -0.197549105 -0.0732781738 0.220649213 0.0576462187 0.102445126 -0.140051425 -0.0243726913 -0.18555975 -0.0986331254 0.104217589 -0.0986606851 0.0607023835 -0.240566909 -0.207390547 -0.225538582 -0.0363816135 0.0012910224 0.243875295 -0.0630430803 -0.220884502 0.101169415 0.194684312 0.0600236058 -0.161836609 0.142037839 0.0103490353 0.0649381429 -0.0448795818 -0.227018595 0.0730553418 0.227739751 -0.0908777192 0.0497707725 0.191704497 0.088750042 -0.14613463 -0.18739523 0.136907518 0.0436294265 -0.0690541863 0.0534563288 0.00836884975 0.0950014293 0.0311876703 -0.180929124 0.0389492512 0.0204169434 -0.0597903579 -0.128504008 -0.0345122814 0.102610968 0.114407308 0.0723607093 -0.197983533 -0.148166299 0.203418016 -0.0223350059 0.00552346883 -0.242050156 0.176992327 -0.148338914 0.13416639 0.0182769895 -0.106124401 -0.096363008 -0.0747544467 -0.00474708714 0.066809684 -0.183082819 0.082700491 -0.0347542875 -0.000192821026 0.0732131749 -0.113531888 -0.0481516533 -0.17086561 -0.185916543 -0.1742149 -0.117211938 -0.151552081
