tensor_dense3bias0 1
0.101985224
tensor_dense3kernel0 10
0.314587921 -0.403370827 -0.322443902 -0.199005231 -0.220099255 0.139272243 -0.228186041 -0.350864857 0.139288515 0.398122042
tensor_dense2bias0 10
0.42795074 -0.026459951 0.0323441364 -0.288757294 -0.198532805 0.314185649 0.76680994 -0.154742137 0.566378176 0.00724149356
tensor_dense2kernel0 100
0.52591747 0.135581195 -0.0401238017 -0.396432638 -0.438499272 -0.831057966 0.187075213 0.0940964967 0.469721287 0.160434797 0.0162314605 0.11223229 -0.400679857 -0.130091473 0.375534981 0.308787197 0.421049118 -0.0545399114 0.197258756 0.0585667379 0.26691857 0.328401476 0.618516803 0.0723094419 -0.365383655 -0.0331776589 0.385061681 0.254929841 0.519202054 0.367578268 0.310038388 -0.0702571198 0.0554962642 0.975072086 0.0228168368 0.207304299 -0.547736466 0.31535235 -0.508059084 0.280542731 0.0615347065 -0.21729897 0.131712005 -0.325212628 -0.502482414 0.333412588 0.00433079433 0.0889084786 0.235659108 -0.312025577 0.610788107 0.284803838 0.0660130829 0.350937933 -0.127847373 0.19694832 -0.0938356817 0.000945801439 0.0240133628 0.350889951 -0.150801808 0.728963137 -0.445133418 -0.0742626786 -0.208995119 -0.572126567 -0.473723978 0.245695695 -0.109846264 0.214952692 0.00498433318 0.147512048 -0.259750307 0.0208785627 0.259032547 -0.130682811 -0.271410257 0.131938487 -0.0417000838 -0.260885835 -0.785072446 -0.00417129509 0.248499379 -0.103077069 -0.415095031 -0.31923303 0.140596271 0.183008835 -0.409718424 0.262099773 0.238598064 0.139817566 0.613749325 0.0300730634 0.164701074 -0.365355283 0.535441041 0.201596275 0.298107147 0.199652553
tensor_dense1bias0 10
-0.234743312 0.0077009364 0.165892944 -0.239030406 0.299809039 0.191548958 -0.205567479 -0.144859001 -0.509859264 -0.119972825
tensor_dense1kernel0 100
0.0685450658 -0.238199845 -0.0534777977 0.237475544 0.33712557 0.284340054 0.29412201 -0.522263169 0.153004706 0.630596876 -0.848843217 0.267745227 0.325171381 0.296828568 0.285321951 -0.26639244 0.170703143 -0.189492404 0.0750407875 -0.375957429 0.410398692 0.133744299 -0.0367879868 -0.0363447629 0.114481099 0.376218349 -0.444397628 -0.0106844902 0.18550238 0.111467019 0.120339163 -0.57147491 -0.192899585 -0.266873688 -0.164247587 -0.119984515 -0.101996481 -0.0870015621 -0.10919527 -0.166667938 -0.147185251 -0.367239803 0.287212312 -0.394455999 0.0982125849 0.316571027 -0.120628424 0.501446784 -0.0229715537 0.442464322 0.406843394 0.150571555 0.25813517 -0.452919155 0.032607615 0.00269477745 0.356954664 0.415017158 -0.175400898 -0.279497504 -0.475470722 -0.238658905 -0.492929965 -0.308927834 0.331200033 0.0724169239 -0.201167583 -0.526819646 0.124155149 -0.32054165 0.0836008713 0.0589571632 -0.117610894 -0.253046334 0.168078855 0.304210752 0.265853733 -0.315483063 -0.283534408 0.483412594 -0.0591696016 0.341031224 -0.75452733 0.132361859 0.261471003 -0.105821684 0.238230437 -0.502537429 0.147610247 -0.780471385 -0.511147678 -0.359056681 -0.650310099 -0.244368151 -0.289260328 -0.202655703 -0.549181461 0.0866837576 0.411553979 -0.165189147
tensor_densebias0 10
-0.264008194 -0.00687779812 -0.0343107171 -0.236414284 -0.0113921938 -0.207665011 0.0339455418 -0.0431879573 -0.0348181203 -0.0704620108
tensor_densekernel0 90
0.893710136 -0.622293532 -0.17739132 -0.649688244 0.623241544 -0.995479524 0.408592194 0.321443349 0.205383211 -0.326362491 -0.912077844 -0.18595764 0.0973515064 0.575352788 0.672894716 -2.65972352 2.16860509 -4.19013929 0.0635570884 4.64476967 -1.06261051 -0.162369996 -0.0578588843 0.261995077 0.0293773245 0.500976741 0.464220643 -0.429656625 0.504399955 -0.304573953 0.233400792 -0.0923451632 0.400200635 0.037096303 0.423933774 -1.11093342 0.520585358 0.112972699 -0.223820746 -0.560935557 4.51956654 -2.3353889 -0.106138706 -4.37341261 0.216002911 5.74025297 -11.2560701 -4.19855785 0.144442916 0.141901091 -0.305914938 0.516729653 -0.133216053 0.204470932 0.187412694 0.0967609063 -0.0224868692 0.0333155505 -0.194112435 -0.177344188 -0.0520155914 0.376198411 -0.0022027907 0.141280979 0.3132658 0.1853614 0.00020020947 0.193719804 -0.266368836 0.212158114 0.124778934 -0.203309834 0.202829137 0.0480037369 -0.25840801 -0.121675044 0.0396722518 -0.235120758 0.519613326 -0.214220613 0.0555533282 -0.138238281 -0.312610179 0.00786877051 0.0741595626 0.335372269 0.142672881 0.253612787 -0.424128383 0.280851156
